5
Mon 31 Oct 16 21:28:07 -0600
Time: ,Contract: ,Bid: ,Ask: ,Bid size: ,Ask size: 
*****START*****
Mon 31 Oct 16 21:28:08 -0600,1477949281,0h0m508,EUR,1.0979,1.098,1000000,10000000,GBP,1.224,1.22415,1000000,2000000,SPY,212.7,212.84,18,3,DIA,181.37,181.4,5,2,IWM,117,118.81,3,1,QQQ,117.08,117.16,5,31
Mon 31 Oct 16 21:28:08 -0600,1477949281,0h0m1085,EUR,1.0979,1.098,1000000,10000000,GBP,1.224,1.2241,1000000,1000000,SPY,212.7,212.84,18,3,DIA,181.37,181.4,5,2,IWM,117,118.81,3,1,QQQ,117.08,117.16,5,31
Mon 31 Oct 16 21:28:09 -0600,1477949281,0h0m1660,EUR,1.0979,1.098,1000000,10000000,GBP,1.224,1.22415,1000000,2000000,SPY,212.7,212.84,18,3,DIA,181.37,181.4,5,2,IWM,117,118.81,3,1,QQQ,117.08,117.16,5,31
Mon 31 Oct 16 21:28:09 -0600,1477949281,0h0m2236,EUR,1.0979,1.098,1000000,10000000,GBP,1.22395,1.22415,4500000,2000000,SPY,212.7,212.84,18,3,DIA,181.37,181.4,5,2,IWM,117,118.81,3,1,QQQ,117.08,117.16,5,31
Mon 31 Oct 16 21:28:10 -0600,1477949281,0h0m2829,EUR,1.0979,1.098,1000000,10000000,GBP,1.22395,1.22415,4500000,2000000,SPY,212.7,212.84,18,3,DIA,181.37,181.4,5,2,IWM,117,118.81,3,1,QQQ,117.08,117.16,5,31
Mon 31 Oct 16 21:28:11 -0600,1477949281,0h0m3406,EUR,1.0979,1.098,1000000,9000000,GBP,1.22395,1.22415,4500000,2000000,SPY,212.7,212.84,18,3,DIA,181.37,181.4,5,2,IWM,117,118.81,3,1,QQQ,117.08,117.16,5,31
Mon 31 Oct 16 21:28:11 -0600,1477949281,0h0m3984,EUR,1.0979,1.098,1000000,9000000,GBP,1.22395,1.22415,4500000,2000000,SPY,212.7,212.84,18,3,DIA,181.37,181.4,5,2,IWM,117,118.81,3,1,QQQ,117.08,117.16,5,31
Mon 31 Oct 16 21:28:12 -0600,1477949281,0h0m4521,EUR,1.0979,1.098,1000000,9000000,GBP,1.22395,1.22415,4500000,2000000,SPY,212.7,212.84,18,3,DIA,181.37,181.4,5,2,IWM,117,118.81,3,1,QQQ,117.08,117.16,5,31
Mon 31 Oct 16 21:28:12 -0600,1477949281,0h0m5057,EUR,1.0979,1.098,1000000,9000000,GBP,1.22395,1.22415,4500000,2000000,SPY,212.7,212.84,18,3,DIA,181.37,181.4,5,2,IWM,117,118.81,3,1,QQQ,117.08,117.16,5,31
*****STOP*****
5

Mon 31 Oct 16 21:28:12 -0600