5
Sun 30 Oct 16 04:46:53 -0600
Time: ,Contract: ,Bid: ,Ask: ,Bid size: ,Ask size: 
*****START*****
Sun 30 Oct 16 04:46:54 -0600,1477802802,0h0m501,EUR,-1,-1,0,0,GBP,-1,-1,0,0,SPY,-1,-1,0,0,DIA,-1,-1,0,0,IWM,-1,-1,0,0,QQQ,-1,-1,0,0
Sun 30 Oct 16 04:46:54 -0600,1477802808,0h0m1018,EUR,-1,-1,0,0,GBP,-1,-1,0,0,SPY,-1,-1,0,0,DIA,-1,-1,0,0,IWM,-1,-1,0,0,QQQ,-1,-1,0,0
Sun 30 Oct 16 04:46:55 -0600,1477802808,0h0m1550,EUR,-1,-1,0,0,GBP,-1,-1,0,0,SPY,-1,-1,0,0,DIA,-1,-1,0,0,IWM,-1,-1,0,0,QQQ,-1,-1,0,0
Sun 30 Oct 16 04:46:56 -0600,1477802809,0h0m2081,EUR,-1,-1,0,0,GBP,-1,-1,0,0,SPY,-1,-1,0,0,DIA,-1,-1,0,0,IWM,-1,-1,0,0,QQQ,-1,-1,0,0
Sun 30 Oct 16 04:46:56 -0600,1477802809,0h0m2600,EUR,-1,-1,0,0,GBP,-1,-1,0,0,SPY,-1,-1,0,0,DIA,-1,-1,0,0,IWM,-1,-1,0,0,QQQ,-1,-1,0,0
Sun 30 Oct 16 04:46:57 -0600,1477802810,0h0m3128,EUR,-1,-1,0,0,GBP,-1,-1,0,0,SPY,-1,-1,0,0,DIA,-1,-1,0,0,IWM,-1,-1,0,0,QQQ,-1,-1,0,0
Sun 30 Oct 16 04:46:57 -0600,1477802810,0h0m3668,EUR,-1,-1,0,0,GBP,-1,-1,0,0,SPY,-1,-1,0,0,DIA,-1,-1,0,0,IWM,-1,-1,0,0,QQQ,-1,-1,0,0
Sun 30 Oct 16 04:46:58 -0600,1477802811,0h0m4217,EUR,-1,-1,0,0,GBP,-1,-1,0,0,SPY,-1,-1,0,0,DIA,-1,-1,0,0,IWM,-1,-1,0,0,QQQ,-1,-1,0,0
Sun 30 Oct 16 04:46:58 -0600,1477802811,0h0m4763,EUR,-1,-1,0,0,GBP,-1,-1,0,0,SPY,-1,-1,0,0,DIA,-1,-1,0,0,IWM,-1,-1,0,0,QQQ,-1,-1,0,0
Sun 30 Oct 16 04:46:59 -0600,1477802812,0h0m5292,EUR,-1,-1,0,0,GBP,-1,-1,0,0,SPY,-1,-1,0,0,DIA,-1,-1,0,0,IWM,-1,-1,0,0,QQQ,-1,-1,0,0
*****STOP*****
5

Sun 30 Oct 16 04:46:59 -0600